Record Nn' Vn' Fn' On'  Nv   Vv  Fv' Ov' No' Vo' Fo'  Q Se   Q +P   V Se   V +P  V FPR
data/104    98   1 1734  42   0    0   0   0   0   0  24  98.71  97.76   0.00      -  0.000
data/223  1736 451   8  31   0    0   0   0   0   4   0  99.82  98.61   0.00      -  0.000
data/115  1637   0   0   0   0    0   0   0   0   0   0 100.00 100.00      -      -  0.000
data/234  2288   2   0   2   0    0   0   0   0   1   0  99.96  99.91   0.00      -  0.000
data/217   235 137 1468  93   0    0   0   0   0   3   2  99.73  95.19   0.00      -  0.000
data/233  1862 691   6 134   0    0   0   0   1   1   0  99.92  95.02   0.00      -  0.000
data/124  1315  47   5  19   0    0   0   0   0   0   0 100.00  98.63   0.00      -  0.000
data/102     1   3 1817 114   0    0   0   0   0   0   0 100.00  94.11   0.00      -  0.000
data/200  1446 693   1 202   0    0   0   0  20   7   1  98.71  91.37   0.00      -  0.000
data/123  1266   0   0   0   0    0   0   0   0   3   0  99.76 100.00   0.00      -  0.000
data/221  1703 312   0 114   0    0   0   0   1   4   0  99.75  94.65   0.00      -  0.000
data/107     0  55 1727 166   0    0   0   0   0   2   0  99.89  91.48   0.00      -  0.000
data/214  1664 211   3  17   0    0   0   0   0   1   0  99.95  99.10   0.00      -  0.000
data/119  1297 364   0   1   0    0   0   0   0   0   0 100.00  99.94   0.00      -  0.000
data/230  1857   1   0   7   0    0   0   0   1   0   0  99.95  99.62   0.00      -  0.000
data/202  1853  14   1   8   0    0   0   0   2   1   0  99.84  99.57   0.00      -  0.000
data/222  2114   0   0  21   0    0   0   0   2   0   0  99.91  99.02      -      -  0.000
data/118  1898  13   0  39   0    0   0   0   5   0   0  99.74  98.00   0.00      -  0.000
data/112  2111   0   0  34   0    0   0   0   0   0   0 100.00  98.41      -      -  0.000
data/114  1566  30   4  17   0    0   0   0   4   0   0  99.75  98.95   0.00      -  0.000
data/209  2513   1   0  25   0    0   0   0   5   0   0  99.80  99.02   0.00      -  0.000
data/113  1506   0   0   0   0    0   0   0   0   0   0 100.00 100.00      -      -  0.000
data/116  1897  97   0   6   0    0   0   0  22   1   0  98.86  99.70   0.00      -  0.000
data/215  2663 131   1   5   0    0   0   0   0   0   0 100.00  99.82   0.00      -  0.000
data/117  1283   0   0   7   0    0   0   0   1   0   0  99.92  99.46      -      -  0.000
data/208  1300 819 301  55   0    0   0   0  10   5   2  99.30  97.78   0.00      -  0.000
data/122  2054   0   0   1   0    0   0   0   0   0   0 100.00  99.95      -      -  0.000
data/201  1310 198   1 221   0    0   0   0  11   0   1  99.21  87.23   0.00      -  0.000
data/203  2041 346   2 424   0    0   0   0  62  27   3  96.29  84.93   0.00      -  0.000
data/109  2065  28   0   8   0    0   0   0   2   4   0  99.71  99.62   0.00      -  0.000
data/231  1278   0   0   0   0    0   0   0   0   0   0 100.00 100.00      -      -  0.000
data/205  2123  64  11  17   0    0   0   0   2   1   0  99.86  99.23   0.00      -  0.000
data/228  1364 296   0 235   0    0   0   0  37   6   0  97.48  87.60   0.00      -  0.000
data/212  2283   0   0  16   0    0   0   0   2   0   0  99.91  99.30      -      -  0.000
data/210  2026 162   9  40   0    0   0   0   4   3   0  99.68  98.21   0.00      -  0.000
data/108  1231  13   2 591   0    0   0   0 234   0   0  84.19  67.83   0.00      -  0.000
data/121  1554   1   0  63   0    0   0   0   5   0   0  99.68  96.11   0.00      -  0.000
data/101  1521   0   2   6   0    0   0   0   0   0   0 100.00  99.61      -      -  0.000
data/105  2082  29   4 133   0    0   0   0  39   0   1  98.14  94.08   0.00      -  0.000
data/100  1901   1   0   0   0    0   0   0   0   0   0 100.00 100.00   0.00      -  0.000
data/220  1694   0   0   0   0    0   0   0   0   0   0 100.00 100.00      -      -  0.000
data/207  1471 108   0  92   0    0   0   0  12   1   0  99.18  94.49   0.00      -  0.000
data/232  1484   0   0  19   0    0   0   0   1   0   0  99.93  98.74      -      -  0.000
data/103  1728   0   0   3   0    0   0   0   1   0   0  99.94  99.83      -      -  0.000
data/219  1722  51   0   1   0    0   0   0   0   0   0 100.00  99.94   0.00      -  0.000
data/111  1774   1   0  43   0    0   0   0   1   0   0  99.94  97.63   0.00      -  0.000
data/213  2236 194 268   7   0    0   0   0   0   1   1  99.93  99.74   0.00      -  0.000
data/106  1235 452   0  65   0    0   0   0   1   8   0  99.47  96.29   0.00      -  0.000
data/s20191 92355   6   0 10499   0    0   0   0 4920   1   0  94.94  89.79   0.00      -  0.000
data/s20281 72807   0   0  52   0    0   0   0   1   0   0 100.00  99.93      -      -  0.000
data/s20111 84874   3   0  88   0    0   0   0   4   0   0 100.00  99.90   0.00      -  0.000
data/s20273 102720 604   0 2400   0    0   0   0 377   2   0  99.63  97.73   0.00      -  0.000
data/s20211 99325  16   1  94   0    0   0   0   1   1   0 100.00  99.91   0.00      -  0.000
data/s20161 83147   6   1 7662   0    0   0   0 199   2   0  99.76  91.56   0.00      -  0.000
data/s20231  3811   0   0   8   0    0   0   0 98863   2   1   3.71  99.79   0.00      -  0.000
data/s20071 85312   4   0  97   0    0   0   0   9   1   0  99.99  99.89   0.00      -  0.000
data/s20011 99664   2   0  59   0    0   0   0   8   0   0  99.99  99.94   0.00      -  0.000
data/s20061 116681 772   0  44   0    0   0   0   1   0   0 100.00  99.96   0.00      -  0.000
data/s20141 116195   0   0  38   0    0   0   0  11   0   0  99.99  99.97      -      -  0.000
______________________________________________________________________________________
Sum  1034177 7430 7377 24185   0    0   0   0 104882  93  36
Gross                                                   90.90  97.75   0.00      -  0.000
Average                                                 97.69  97.01   0.00      -  0.000
Total QRS complexes: 1153995  Total VEBs: 7523

Summary of results from 59 records
