Record Nn' Vn' Fn' On'  Nv   Vv  Fv' Ov' No' Vo' Fo'  Q Se   Q +P   V Se   V +P  V FPR
data/s20111 84875   3   0  52   0    0   0   0   3   0   0 100.00  99.94   0.00      -  0.000
data/s20121 84629 578   0  25   0    0   0   0  13   0   0  99.98  99.97   0.00      -  0.000
data/s20151 79182 139  11  40   0    0   0   0   0  27   0  99.97  99.95   0.00      -  0.000
data/s20171 125831   7   0  23   0    0   0   0 227   2   0  99.82  99.98   0.00      -  0.000
data/202  1854  15   1   5   0    0   0   0   1   0   0  99.95  99.73   0.00      -  0.000
data/207  1469 108   0  41   0    0   0   0  14   1   0  99.06  97.47   0.00      -  0.000
data/208  1300 819 301  33   0    0   0   0  10   5   2  99.30  98.65   0.00      -  0.000
data/220  1694   0   0   0   0    0   0   0   0   0   0 100.00 100.00      -      -  0.000
data/104    98   1 1733 229   0    0   0   0   0   0  25  98.65  88.89   0.00      -  0.000
data/223  1736 453   8   8   0    0   0   0   0   2   0  99.91  99.64   0.00      -  0.000
data/115  1637   0   0   0   0    0   0   0   0   0   0 100.00 100.00      -      -  0.000
data/s20191 92403   7   0 10138   0    0   0   0 4872   0   0  94.99  90.11   0.00      -  0.000
data/234  2288   2   0   0   0    0   0   0   0   1   0  99.96 100.00   0.00      -  0.000
data/s20281 72807   0   0  27   0    0   0   0   1   0   0 100.00  99.96      -      -  0.000
data/217   235 139 1468  32   0    0   0   0   0   1   2  99.84  98.29   0.00      -  0.000
data/s20111 84875   3   0  52   0    0   0   0   3   0   0 100.00  99.94   0.00      -  0.000
data/233  1862 691   6  11   0    0   0   0   1   1   0  99.92  99.57   0.00      -  0.000
data/124  1315  47   5   8   0    0   0   0   0   0   0 100.00  99.42   0.00      -  0.000
data/s20273 102727 604   0 2347   0    0   0   0 370   2   0  99.64  97.78   0.00      -  0.000
data/102     1   3 1817  50   0    0   0   0   0   0   0 100.00  97.33   0.00      -  0.000
data/s20211 99324  17   1  41   0    0   0   0   2   0   0 100.00  99.96   0.00      -  0.000
data/s20161 83154   7   1 17028   0    0   0   0 192   1   0  99.77  83.00   0.00      -  0.000
data/s20231 102090   2   1 194   0    0   0   0 584   0   0  99.43  99.81   0.00      -  0.000
data/s20071 85312   5   0  71   0    0   0   0   9   0   0  99.99  99.92   0.00      -  0.000
data/s20011 99668   2   0  28   0    0   0   0   4   0   0 100.00  99.97   0.00      -  0.000
data/s20061 116681 772   0  15   0    0   0   0   1   0   0 100.00  99.99   0.00      -  0.000
data/200  1452 693   1 145   0    0   0   0  14   7   1  98.99  93.67   0.00      -  0.000
data/123  1266   3   0   2   0    0   0   0   0   0   0 100.00  99.84   0.00      -  0.000
data/s20141 116201   0   0  26   0    0   0   0   5   0   0 100.00  99.98      -      -  0.000
data/221  1703 312   0  41   0    0   0   0   1   4   0  99.75  98.01   0.00      -  0.000
data/107     0  55 1727  16   0    0   0   0   0   2   0  99.89  99.11   0.00      -  0.000
data/214  1664 211   3  18   0    0   0   0   0   1   0  99.95  99.05   0.00      -  0.000
data/s20081 111241 1290  22 140   0    0   0   0   0   0   0 100.00  99.88   0.00      -  0.000
data/119  1297 364   0   1   0    0   0   0   0   0   0 100.00  99.94   0.00      -  0.000
data/s20021 88430 136   1 459   0    0   0   0  30   1   0  99.97  99.48   0.00      -  0.000
data/230  1857   1   0   5   0    0   0   0   1   0   0  99.95  99.73   0.00      -  0.000
data/s20091 111042   0   0  10   0    0   0   0   1   0   0 100.00  99.99      -      -  0.000
data/s20291 75712 409   0 2034   0    0   0   0 165   1   0  99.78  97.40   0.00      -  0.000
data/s20221 118684  27   0  14   0    0   0   0   4   0   0 100.00  99.99   0.00      -  0.000
data/s20101 70185 7080 366 10492   0    0   0   0   0   0  18  99.98  88.09   0.00      -  0.000
data/202  1854  15   1   5   0    0   0   0   1   0   0  99.95  99.73   0.00      -  0.000
data/222  2114   0   0  15   0    0   0   0   2   0   0  99.91  99.30      -      -  0.000
data/118  1900  13   0  51   0    0   0   0   3   0   0  99.84  97.40   0.00      -  0.000
data/112  2110   0   0  23   0    0   0   0   1   0   0  99.95  98.92      -      -  0.000
data/114  1567  30   4  16   0    0   0   0   3   0   0  99.81  99.01   0.00      -  0.000
data/s20301 106351  24   0  76   0    0   0   0   4   0   0 100.00  99.93   0.00      -  0.000
data/209  2513   1   0  18   0    0   0   0   5   0   0  99.80  99.29   0.00      -  0.000
data/s20272 117081 361   0 1646   0    0   0   0 167   0   0  99.86  98.62   0.00      -  0.000
data/s20241 91991   6   0  19   0    0   0   0   0   0   0 100.00  99.98   0.00      -  0.000
data/113  1506   0   0   0   0    0   0   0   0   0   0 100.00 100.00      -      -  0.000
data/116  1899  97   0  11   0    0   0   0  20   1   0  98.96  99.45   0.00      -  0.000
data/215  2663 131   1   1   0    0   0   0   0   0   0 100.00  99.96   0.00      -  0.000
data/s20121 84629 578   0  25   0    0   0   0  13   0   0  99.98  99.97   0.00      -  0.000
data/117  1283   0   0   6   0    0   0   0   1   0   0  99.92  99.53      -      -  0.000
data/208  1300 819 301  33   0    0   0   0  10   5   2  99.30  98.65   0.00      -  0.000
data/122  2054   0   0   1   0    0   0   0   0   0   0 100.00  99.95      -      -  0.000
data/s20201 91039  10   0  98   0    0   0   0   8   1   0  99.99  99.89   0.00      -  0.000
data/201  1318 198   2 451   0    0   0   0   3   0   0  99.80  77.09   0.00      -  0.000
data/203  2057 340   2 281   0    0   0   0  46  33   3  96.69  89.51   0.00      -  0.000
data/s20274 119762 695   2 1759   0    0   0   0 264   3   0  99.78  98.56   0.00      -  0.000
data/109  2066  31   0   9   0    0   0   0   1   1   0  99.90  99.57   0.00      -  0.000
data/231  1278   0   0   0   0    0   0   0   0   0   0 100.00 100.00      -      -  0.000
data/205  2123  64  11   6   0    0   0   0   2   1   0  99.86  99.73   0.00      -  0.000
data/228  1374 298   0 164   0    0   0   0  27   4   0  98.18  91.07   0.00      -  0.000
data/212  2284   0   0  17   0    0   0   0   1   0   0  99.96  99.26      -      -  0.000
data/s20151 79182 139  11  40   0    0   0   0   0  27   0  99.97  99.95   0.00      -  0.000
data/210  2027 164   9  20   0    0   0   0   3   1   0  99.82  99.10   0.00      -  0.000
data/108  1242  13   2 489   0    0   0   0 223   0   0  84.93  71.99   0.00      -  0.000
data/121  1556   1   0  38   0    0   0   0   3   0   0  99.81  97.62   0.00      -  0.000
data/s20271 105906 7890   0 1183   0    0   0   0  44   3   0  99.96  98.97   0.00      -  0.000
data/s20181 106086 123   1 1977   0    0   0   0 345   0   0  99.68  98.17   0.00      -  0.000
data/s20031 108757   1   0 1772   0    0   0   0 350   0   1  99.68  98.40   0.00      -  0.000
data/101  1521   0   2   4   0    0   0   0   0   0   0 100.00  99.74      -      -  0.000
data/s20131 105376 494   6 187   0    0   0   0  14   0   0  99.99  99.82   0.00      -  0.000
data/s20051 112217   2   2 303   0    0   0   0   2   0   0 100.00  99.73   0.00      -  0.000
data/105  2077  29   4 137   0    0   0   0  44   0   1  97.91  93.90   0.00      -  0.000
data/s20251 107607   7   0 2698   0    0   0   0 356   0   0  99.67  97.55   0.00      -  0.000
data/s20171 125831   7   0  23   0    0   0   0 227   2   0  99.82  99.98   0.00      -  0.000
data/s20041 102576 6403   7 140   0    0   0   0   2   5   0  99.99  99.87   0.00      -  0.000
data/100  1901   1   0   0   0    0   0   0   0   0   0 100.00 100.00   0.00      -  0.000
data/220  1694   0   0   0   0    0   0   0   0   0   0 100.00 100.00      -      -  0.000
data/207  1469 108   0  41   0    0   0   0  14   1   0  99.06  97.47   0.00      -  0.000
data/232  1484   0   0  24   0    0   0   0   1   0   0  99.93  98.41      -      -  0.000
data/103  1728   0   0   2   0    0   0   0   1   0   0  99.94  99.88      -      -  0.000
data/219  1722  51   0   0   0    0   0   0   0   0   0 100.00 100.00   0.00      -  0.000
data/111  1774   1   0  25   0    0   0   0   1   0   0  99.94  98.61   0.00      -  0.000
data/s20261 101207 746   0  47   0    0   0   0   1   0   1 100.00  99.95   0.00      -  0.000
data/213  2236 194 268   4   0    0   0   0   0   1   1  99.93  99.85   0.00      -  0.000
data/106  1235 454   0  44   0    0   0   0   1   6   0  99.59  97.46   0.00      -  0.000
data/s20111 84875   3   0  52   0    0   0   0   3   0   0 100.00  99.94   0.00      -  0.000
______________________________________________________________________________________
Sum  3839183 35547 8109 57882   0    0   0   0 8745 154  57
Gross                                                   99.77  98.53   0.00      -  0.000
Average                                                 99.55  97.94   0.00      -  0.000
Total QRS complexes: 3891795  Total VEBs: 35701

Summary of results from 90 records
