Record Nn' Vn' Fn' On'  Nv   Vv  Fv' Ov' No' Vo' Fo'  Q Se   Q +P   V Se   V +P  V FPR
data/s20111 84875   3   0  52   0    0   0   0   3   0   0 100.00  99.94   0.00      -  0.000
data/s20121 84629 578   0  25   0    0   0   0  13   0   0  99.98  99.97   0.00      -  0.000
data/s20151 79182 139  11  40   0    0   0   0   0  27   0  99.97  99.95   0.00      -  0.000
data/s20171 125831   7   0  23   0    0   0   0 227   2   0  99.82  99.98   0.00      -  0.000
data/202  1854  15   1   5   0    0   0   0   1   0   0  99.95  99.73   0.00      -  0.000
data/207  1469 108   0  41   0    0   0   0  14   1   0  99.06  97.47   0.00      -  0.000
data/208  1300 819 301  33   0    0   0   0  10   5   2  99.30  98.65   0.00      -  0.000
data/220  1694   0   0   0   0    0   0   0   0   0   0 100.00 100.00      -      -  0.000
______________________________________________________________________________________
Sum  380834 1669 313 219   0    0   0   0 268  35   2
Gross                                                   99.92  99.94   0.00      -  0.000
Average                                                 99.76  99.46   0.00      -  0.000
Total QRS complexes: 383121  Total VEBs: 1704

Summary of results from 8 records
