Record Nn' Vn' Fn' On'  Nv   Vv  Fv' Ov' No' Vo' Fo'  Q Se   Q +P   V Se   V +P  V FPR
data/s20111 84856   3   0 418   0    0   0   0  22   0   0  99.97  99.51   0.00      -  0.000
data/s20121 84628 578   0  64   0    0   0   0  14   0   0  99.98  99.92   0.00      -  0.000
data/s20151 79162 138  11 225   0    0   0   0  20  28   0  99.94  99.72   0.00      -  0.000
data/s20171 125822   6   0  50   0    0   0   0 236   3   0  99.81  99.96   0.00      -  0.000
data/202  1852  15   1   9   0    0   0   0   3   0   0  99.84  99.52   0.00      -  0.000
data/207  1445 107   0 137   0    0   0   0  38   2   0  97.49  91.89   0.00      -  0.000
data/208  1292 820 300  64   0    0   0   0  18   4   3  98.97  97.42   0.00      -  0.000
data/220  1694   0   0   0   0    0   0   0   0   0   0 100.00 100.00      -      -  0.000
______________________________________________________________________________________
Sum  380751 1667 312 967   0    0   0   0 351  37   3
Gross                                                   99.90  99.75   0.00      -  0.000
Average                                                 99.50  98.49   0.00      -  0.000
Total QRS complexes: 383121  Total VEBs: 1704

Summary of results from 8 records
