Record Nn' Vn' Fn' On'  Nv   Vv  Fv' Ov' No' Vo' Fo'  Q Se   Q +P   V Se   V +P  V FPR
data/s20111 84872   3   0 115   0    0   0   0   6   0   0  99.99  99.86   0.00      -  0.000
data/s20121 84629 578   0  40   0    0   0   0  13   0   0  99.98  99.95   0.00      -  0.000
data/s20151 79179 138  11  68   0    0   0   0   3  28   0  99.96  99.91   0.00      -  0.000
data/s20171 125829   5   0  33   0    0   0   0 229   4   0  99.82  99.97   0.00      -  0.000
data/202  1854  15   1  10   0    0   0   0   1   0   0  99.95  99.47   0.00      -  0.000
data/207  1460 108   0  87   0    0   0   0  23   1   0  98.49  94.74   0.00      -  0.000
data/208  1297 819 301  36   0    0   0   0  13   5   2  99.18  98.53   0.00      -  0.000
data/220  1694   0   0   0   0    0   0   0   0   0   0 100.00 100.00      -      -  0.000
______________________________________________________________________________________
Sum  380814 1666 313 389   0    0   0   0 288  38   2
Gross                                                   99.91  99.90   0.00      -  0.000
Average                                                 99.67  99.06   0.00      -  0.000
Total QRS complexes: 383121  Total VEBs: 1704

Summary of results from 8 records
