Record Nn' Vn' Fn' On'  Nv   Vv  Fv' Ov' No' Vo' Fo'  Q Se   Q +P   V Se   V +P  V FPR
data/s20111 84874   3   0  88   0    0   0   0   4   0   0 100.00  99.90   0.00      -  0.000
data/s20121 84628 578   0  28   0    0   0   0  14   0   0  99.98  99.97   0.00      -  0.000
data/s20151 79182 135  11  74   0    0   0   0   0  31   0  99.96  99.91   0.00      -  0.000
data/s20171 125831   3   0  37   0    0   0   0 227   6   0  99.82  99.97   0.00      -  0.000
data/202  1853  14   1   8   0    0   0   0   2   1   0  99.84  99.57   0.00      -  0.000
data/207  1471 108   0  92   0    0   0   0  12   1   0  99.18  94.49   0.00      -  0.000
data/208  1300 819 301  55   0    0   0   0  10   5   2  99.30  97.78   0.00      -  0.000
data/220  1694   0   0   0   0    0   0   0   0   0   0 100.00 100.00      -      -  0.000
______________________________________________________________________________________
Sum  380833 1660 313 382   0    0   0   0 269  44   2
Gross                                                   99.92  99.90   0.00      -  0.000
Average                                                 99.76  98.95   0.00      -  0.000
Total QRS complexes: 383121  Total VEBs: 1704

Summary of results from 8 records
